cbd:
  mean: 3.775245577573012
  stdv: 4.497850836360627
cbh:
  mean: 19.71493808841949
  stdv: 25.29858823428739
cc:
  mean: 33.523602212419206
  stdv: 29.942900590953233
th:
  mean: 137.01677985323303
  stdv: 134.24713702429392
